# id	file_path			
[RESOURCES]
1	Resources/simon.txt
2	Resources/PlaySceneResource.txt
3	Resources/HP.txt
4	Resources/Boss.txt
5	Resources/secretBrick.txt
[TILE_SET]
-6	Resources\TileMap\scene4_bank.png	0	0	0
[TILE_MAP_DATA]
Resources\TileMap\scene4.txt
[OBJECTS]
# type	x	y	ani_set_id	extra_settings per object type
# type: 1= Simon , 2 =Ground , 3 = Zombie	
# --- SCENE PORTAL ----
# type	l	t	

# Simon				
1	1	3	1	1	0	0	-1
#Zombie				item	dam	dir
26	13	4	26	1	0	1	-1	3	1
26	13	8	26	1	1	1	-1	3	1
26	15	8	26	1	1	1	-1	3	1
26	17	8	26	1	1	2	-1	3	1
26	18	4	26	1	0	2	-1	3	1
#boss
32	40	1	32	1	0	4	16	3	1
#Candle
20	5	3	20	1	0	0	-1	1
20	2	7	20	1	1	0	-1	1
20	10	5	20	2	0	1	1	1	-1	1
20	13	3	20	1	0	1	-1	1
20	18	9	20	1	1	2	-1	1
20	22	7	20	1	1	2	-1	1
20	25	9	20	1	1	3	-1	1
20	29	9	20	1	1	3	-1	1
20	33	7	20	1	1	4	-1	1
20	37	9	20	1	1	4	-1	1
20	41	7	20	2	1	4	1	5	-1	1
#stair
#dir : 1 = left, -1 = right
#-1 = up, 1= down
#	x	y	ani_set	dir	Up/down
31	6	3	0	1	0	0	-1	1
31	9	6	0	1	1	1	1	-1
31	18	5	0	2	0	2	1	2	-1	1
31	23	10	0	1	1	2	1	-1
31	42	8	0	1	1	5	-1	-1
31	45	5	0	2	0	5	1	5	1	1

#ground
2	0	11	0	1	1	0
2	1	11	0	1	1	0
2	2	11	0	1	1	0
2	3	11	0	1	1	0
2	4	11	0	1	1	0
2	5	11	0	1	1	0
2	6	11	0	1	1	0
2	7	11	0	1	1	0
2	8	11	0	2	1	0	1	1
2	9	11	0	1	1	1
2	10	11	0	1	1	1
2	11	11	0	1	1	1
2	12	11	0	1	1	1
2	13	11	0	1	1	1
2	14	11	0	1	1	1
2	15	11	0	1	1	1
2	16	11	0	2	1	1	1	2
2	17	11	0	1	1	2
2	18	11	0	1	1	2
2	19	11	0	1	1	2
2	20	11	0	1	1	2
2	21	11	0	1	1	2
2	22	11	0	1	1	2
2	23	11	0	1	1	2
2	24	11	0	2	1	2	1	3
2	25	11	0	1	1	3
2	26	11	0	1	1	3
2	27	11	0	1	1	3
2	28	11	0	1	1	3
2	29	11	0	1	1	3
2	30	11	0	1	1	3
2	31	11	0	1	1	3
2	32	11	0	2	1	3	1	4
2	33	11	0	1	1	4
2	34	11	0	1	1	4
2	35	11	0	1	1	4
2	36	11	0	1	1	4
2	37	11	0	1	1	4
2	38	11	0	1	1	4
2	39	11	0	1	1	4
2	40	11	0	1	1	4
2	41	11	0	2	1	4	1	5
2	42	11	0	1	1	5
2	43	11	0	1	1	5
2	44	11	0	1	1	5
2	45	11	0	1	1	5
2	46	11	0	1	1	5
2	47	11	0	1	1	5
2	0	5	0	2	0	0	1	0
2	1	5	0	2	0	0	1	0
2	2	5	0	2	0	0	1	0
2	3	5	0	2	0	0	1	0
2	4	5	0	2	0	0	1	0
2	5	5	0	2	0	0	1	0
2	6	5	0	2	0	0	1	0
2	8	7	0	2	1	0	1	1
2	9	7	0	1	1	1
2	10	7	0	1	1	1
2	11	7	0	1	1	1
2	12	7	0	1	1	1
2	13	7	0	1	1	1
2	14	7	0	1	1	1
2	15	7	0	1	1	1
2	16	7	0	2	1	1	1	2
2	17	7	0	1	1	2
2	18	7	0	1	1	2
2	42	9	0	1	1	5
2	43	9	203	1	1	5	15
2	45	7	0	1	1	5
2	46	7	0	1	1	5
2	47	0	0	1	0	5
2	47	1	0	1	0	5
2	47	2	0	1	0	5
2	47	3	0	1	0	5
2	47	4	0	1	0	5
2	47	5	0	2	0	5	1	5
2	47	6	0	1	1	5
2	47	7	0	1	1	5
2	47	8	0	1	1	5
2	47	9	0	1	1	5
2	47	10	0	1	1	5
