# id	file_path			
[RESOURCES]
1	Resources/simon.txt
2	Resources/PlaySceneResource.txt
3	Resources/HP.txt

[TILE_SET]
-5	Resources\TileMap\scene3-2_bank.png	0	0	0
[TILE_MAP_DATA]
Resources\TileMap\scene3-2.txt
[OBJECTS]
# type	x	y	ani_set_id	extra_settings per object type
# type: 1= Simon , 2 =Ground , 3 = Zombie	
# --- SCENE PORTAL ----
# type	l	t	
0	47	6	6	1	1	5
0	7	12	4	1	1	0
# Simon				prev_scene	
1	5	10	1	1	1	0	4
1	3	8	1	1	1	0	-1
#Ghost
28	7	2	28	1	0	0	-1	3	-1
#raven
29	17	2	29	1	0	2	-1	3
29	26	5	29	2	0	3	1	3	-1	3
29	33	10	29	1	1	4	-1	3
#Candle
20	9	4	20	1	0	1	-1	1
20	14	8	20	1	1	1	-1	1
20	18	8	20	1	1	2	-1	1
20	22	8	20	1	1	2	-1	1
20	26	6	20	1	1	3	-1	1
20	30	9	20	1	1	3	-1	1
20	33	9	20	1	1	4	-1	1
20	37	8	20	1	1	4	-1	1
20	42	8	20	1	1	5	-1	1
20	45	5	20	2	0	5	1	5	-1	1
#Skeleton
25	22	8	25	1	1	2	-1	3
25	40	8	25	1	1	4	-1	3
#stair
#dir : 1 = left, -1 = right
#-1 = up, 1= down
#	x	y	ani_set	dir	Up/down
31	3	8	0	1	1	0	-1	1
31	3	9	0	1	1	0	-1	-1
31	8	4	0	2	0	0	0	1	1	1
31	23	9	0	1	1	2	-1	-1
31	26	6	0	1	1	3	1	1
31	35	4	0	1	0	4	-1	1
31	40	9	0	1	1	4	1	-1

#Ground
2	0	0	0	1	0	0
2	0	1	0	1	0	0
2	0	2	0	1	0	0
2	0	3	0	1	0	0
2	0	4	0	1	0	0
2	0	5	0	2	0	0	1	0
2	0	6	0	1	1	0
2	0	7	0	1	1	0
2	0	8	0	1	1	0
2	0	9	0	1	1	0
2	0	10	0	1	1	0
2	0	11	0	1	1	0
2	1	0	0	1	0	0
2	1	1	0	1	0	0
2	1	2	0	1	0	0
2	1	3	0	1	0	0
2	1	4	0	1	0	0
2	1	5	0	2	0	0	1	0
2	1	6	0	1	1	0
2	1	7	0	1	1	0
2	1	8	0	1	1	0
2	1	9	0	1	1	0
2	1	10	0	1	1	0
2	1	11	0	1	1	0
2	2	10	0	1	1	0
2	2	11	0	1	1	0
2	3	10	0	1	1	0
2	3	11	0	1	1	0
2	5	10	0	1	1	0
2	8	6	0	2	1	0	1	1
2	8	7	0	2	1	0	1	1
2	9	6	0	1	1	1
2	9	7	0	1	1	1
2	10	10	0	1	1	1
2	11	10	0	1	1	1
2	12	10	0	1	1	1
2	13	10	0	1	1	1
2	14	10	0	1	1	1
2	15	10	0	1	1	1
2	16	10	0	2	1	1	1	2
2	17	10	0	1	1	2
2	18	10	0	1	1	2
2	19	10	0	1	1	2
2	22	10	0	1	1	2
2	23	10	0	1	1	2
2	28	10	0	1	1	3
2	29	10	0	1	1	3
2	30	11	0	1	1	3
2	31	11	0	1	1	3
2	32	11	0	2	1	3	1	4
2	33	11	0	1	1	4
2	38	10	0	1	1	4
2	39	10	0	1	1	4
2	40	10	0	1	1	4
2	41	10	0	2	1	4	1	5
2	42	9	0	1	1	5
2	43	9	0	1	1	5
2	44	7	0	1	1	5
2	45	7	0	1	1	5
2	46	0	0	1	0	5
2	46	1	0	1	0	5
2	46	2	0	1	0	5
2	46	3	0	1	0	5
2	46	4	0	1	0	5
2	47	0	0	1	0	5
2	47	1	0	1	0	5
2	47	2	0	1	0	5
2	47	3	0	1	0	5
2	47	4	0	1	0	5
2	46	8	0	1	1	5
2	46	9	0	1	1	5
2	46	10	0	1	1	5
2	46	11	0	1	1	5
2	47	8	0	1	1	5
2	47	9	0	1	1	5
2	47	10	0	1	1	5
2	47	11	0	1	1	5
2	14	6	0	1	1	1
2	15	6	0	1	1	1
2	26	8	0	1	1	3
2	27	8	0	1	1	3
2	30	7	0	1	1	3
2	31	7	0	1	1	3
2	34	6	0	1	1	4
2	35	6	0	1	1	4