# id	file_path	transparent_color_r	g	b	
[TEXTURES]
3	Resources\mainmenu_bat.png	255	0	255

# id	left	top	right	bottom	texture_id
[SPRITES]
# introbat
301	0	0	144	112	3
302	144	0	288	112	3
303	288	0	432	112	3
304	432	0	576	112	3
305	576	0	720	112	3
306	0	112	144	224	3
307	144	112	288	224	3
308	288	112	432	224	3
309	432	112	576	224	3
310	576	112	720	224	3
311	0	224	144	336	3
312	144	224	288	336	3
313	288	224	432	336	3
314	432	224	576	336	3
315	576	224	720	336	3
316	432	224	576	336	3

# ani_id	sprite1_id	time1	sprite2_id	time2	...
[ANIMATIONS]
#menu_bat_fly
menu_bat_fly	301	100	302	100	303	100	304	100	305	100	306	100	307	100	308	100	309	100	310	100	311	100	312	100	313	100	314	100	315	100	316	100
[ANIMATION_SETS]
3	menu_bat_fly
