# id	file_path	transparent_color_r	g	b				
[TEXTURES]
2	Resources/Texture/IntroScene.png	0	128	0

# id	left	top	right	bottom	texture_id			
[SPRITES]
#menu		
20001	2	2	516	482	2
#castle
20002	525	63	1037	447	2
#bat
20003	525	449	541	481	2
20004	543	449	559	481	2
#cloud
20005	561	449	625	481	2
#menubat
20006	2	512	146	624	2
20007	148	512	292	624	2
20008	294	512	438	624	2
20009	440	512	584	624	2
20010	586	512	730	624	2
20011	732	512	876	624	2
20012	878	512	1022	624	2
20013	1024	512	1168	624	2
20014	1170	512	1314	624	2
20015	1316	512	1460	624	2
20016	2	626	146	738	2
20017	148	626	292	738	2
20018	294	626	438	738	2
20019	440	626	584	738	2
20020	586	626	730	738	2
20021	732	626	876	738	2
20022	878	626	1022	738	2
20023	1024	626	1168	738	2
20024	1170	626	1314	738	2
20025	1316	626	1460	738	2
20026	2	740	146	852	2
20027	148	740	292	852	2
20028	294	740	438	852	2
20029	440	740	584	852	2
20030	586	740	730	852	2
20031	732	740	876	852	2
20032	878	740	1022	852	2
20033	1024	740	1168	852	2
20034	1170	740	1314	852	2
20035	1316	740	1460	852	2
20036	2	854	146	966	2
20037	148	854	292	966	2
20038	294	854	438	966	2
20039	440	854	584	966	2
20040	586	854	730	966	2
20041	732	854	876	966	2
20042	878	854	1022	966	2
20043	1024	854	1168	966	2
20044	1170	854	1314	966	2
20045	1316	854	1460	966	2

# ani_id	sprite1_id	time1	sprite2_id	time2	...			
[ANIMATIONS]
menu	20001	100
castle	20002	100
bat	20003	100	20004	100
cloud	20005	100
menubat	20006	100	20007	100	20008	100	20009	100	20010	100	20011	100	20012	100	20013	100	20014	100	20015	100	20016	100	20017	100	20018	100	20019	100	20020	100	20021	100	20022	100	20023	100	20024	100	20025	100	20026	100	20027	100	20028	100	20029	100	20030	100	20031	100	20032	100	20033	100	20034	100	20035	100	20036	100	20037	100	20038	100	20039	100	20040	100	20041	100	20042	100	20043	100	20044	100	20045	100
[ANIMATION_SETS]
2	menu	menubat	castle	bat	cloud