# id	file_path	transparent_color_r	g	b				
[TEXTURES]
3	Resources\Texture\PlayScene.png	116	116	116
4	Resources\Texture\WHIP.png	255	0	255
# id	left	top	right	bottom	texture_id			
[SPRITES]
30001	0	0	240	66	4
30002	240	0	480	66	4
30003	480	0	720	66	4

30004	0	66	240	132	4
30005	240	66	480	132	4
30006	480	66	720	132	4

30007	0	198	240	264	4
30008	240	264	480	330	4
30009	480	330	720	396	4
30010	708	44	740	76	3
30011	802	44	834	76	3
30012	836	44	868	76	3
30013	870	44	902	76	3
30014	1030	44	1062	76	3
30015	1064	44	1096	76	3
30016	1098	44	1130	76	3
30017	1132	44	1164	76	3
30018	1174	44	1190	76	3
30019	1192	44	1208	76	3
30020	1210	44	1226	76	3
30021	1228	44	1244	76	3
30022	1246	44	1278	76	3
30023	1280	44	1312	76	3
30024	1454	44	1470	76	3
30025	2	92	34	124	3
30026	36	92	52	124	3
30027	54	92	86	124	3
30028	88	92	120	124	3
30029	122	92	154	124	3
30030	156	92	188	124	3
30031	190	92	222	124	3
30032	224	92	256	124	3
30033	314	92	330	124	3
30034	332	92	348	124	3
30035	350	92	382	156	3
30036	384	92	416	156	3
30037	418	92	450	188	3
30038	452	92	500	188	3
30039	70	126	102	158	3
30040	206	126	238	158	3
30041	240	126	272	158	3
30042	274	126	306	158	3
30043	2	160	34	192	3
30044	36	160	68	192	3
30045	70	160	102	192	3
30046	104	160	136	192	3
30047	138	160	170	192	3
30048	172	160	204	192	3
30049	206	160	238	192	3
30050	240	160	272	192	3
30051	274	160	306	192	3
30052	308	160	340	192	3
30053	342	160	374	192	3
30054	376	160	408	192	3
30055	128	228	192	260	3
30056	978	106	1010	138	3
30057	1012	106	1044	138	3
30058	1046	106	1078	138	3
30059	1080	106	1112	138	3
30060	1302	142	1334	204	3
30061	1336	140	1368	204	3
30062	1370	142	1402	204	3
30063	1408	164	1440	228	3
30064	1442	164	1474	228	3
30065	1476	164	1492	196	3
30066	1494	164	1526	196	3
30067	1528	164	1560	196	3
30068	506	140	538	204	3
30069	540	142	572	204	3
30070	1036	144	1068	176	3
30071	1070	144	1102	176	3
30072	110	228	126	260	3

# ani_id	sprite1_id	time1	sprite2_id	time2	...			
[ANIMATIONS]
whiplv0	30001	100	30002	100	30003	150
whiplv1	30004	100	30005	100	30006	150
whiplv2	30007	100	30008	100	30009	150
dagger	30010	100
boomerang	30011	100	30012	100	30013	100
boomerang_item	30012	100
axe	30014	100	30015	100	30016	100	30017	100
axe_item	30014	100
holywater_thow	30018	100
holywater_break	30019	100	30020	100	30021	100	30022	100	30023	100
hit_effect	30024	150
fire_effect	30019	100	30020	100
chain	30025	100
smallheart	30026	100
bigheart	30027	100
moneybag1	30028	100
moneybag2	30029	100
moneybag3	30030	100
magiccrystal	30031	100	30032	100
candle	30033	100	30034	100
torch	30035	100	30036	100
door	30037	150	30038	150
holywater_item	30039	100
stopwatch	30040 100
doubleshot	30041	100
tripleshot	30042	100
chicken	30043	100
invispotion	30044	100
cross	30045	100
1up	30046	100
crown	30047	100	30048	100	30049	100	30050	100
chest	30051	100
platform	30055	100
bat_idle	30056	100
bat_fly	30057	100	30058	100	30059	100
knight	30060	200	30061	200	30062	200	30061	200
skeleton	30063	100	30064	100
bone	30065	100	30066	100	30067	100
zombie	30068	100	30069	100
hunchback	30070	100	30071	100
brick_effect	30072	100

[ANIMATION_SETS]
4	whiplv0	whiplv1	whiplv2
5	dagger
6	boomerang
7	axe
8	holywater_thow	holywater_break
9	stopwatch
10	stopwatch	smallheart	bigheart	moneybag1	moneybag2	moneybag3	chain	dagger	cross	axe_item	invispotion	boomerang_item	holywater_item	chicken	doubleshot	tripleshot	magiccrystal	crown	chest
11	1up
12	hit_effect
13	fire_effect
14	brick_effect
20	torch	candle

#22	door
22	platform
23	bat_idle	bat_fly
24	knight
25	skeleton
26	bone
27	zombie
28	hunchback


