[SPRITES]
30010	708	44	740	76	3
30011	802	44	834	76	3
30012	836	44	868	76	3
30013	870	44	902	76	3
30014	1030	44	1062	76	3
30015	1064	44	1096	76	3
30016	1098	44	1130	76	3
30017	1132	44	1164	76	3
30018	1174	44	1190	76	3
30019	1192	44	1208	76	3
30020	1210	44	1226	76	3
30021	1228	44	1244	76	3
30022	1246	44	1278	76	3
30023	1280	44	1312	76	3
30025	2	92	34	124	3
30026	36	92	52	124	3
30027	54	92	86	124	3
30028	88	92	120	124	3
30029	122	92	154	124	3
30030	156	92	188	124	3
30031	190	92	222	124	3
30032	224	92	256	124	3
30039	70	126	102	158	3
30040	206	126	238	158	3
30041	240	126	272	158	3
30042	274	126	306	158	3
30043	2	160	34	192	3
30044	36	160	68	192	3
30045	70	160	102	192	3
30047	138	160	170	192	3
30048	172	160	204	192	3
30049	206	160	238	192	3
30050	240	160	272	192	3
30051	274	160	306	192	3
30065	1476	164	1492	196	3
30066	1494	164	1526	196	3
30067	1528	164	1560	196	3
30079	652	184	668	200	3
[ANIMATIONS]
dagger	30010	100
boomerang	30011	100	30012	100	30013	100
boomerang_item	30012	100
axe	30014	100	30015	100	30016	100	30017	100
axe_item	30014	100
holywater_thow	30018	100
holywater_break	30019	100	30020	100	30021	100	30022	100	30023	100
chain	30025	100
smallheart	30026	100
bigheart	30027	100
moneybag1	30028	100
moneybag2	30029	100
moneybag3	30030	100
specialmoneybag	30028	100	30029	100	30030	100
magiccrystal	30031	100	30032	100
holywater_item	30039	100
stopwatch	30040	100
doubleshot	30041	100
tripleshot	30042	100
chicken	30043	100
invispotion	30044	100
cross	30045	100
crown	30047	100	30048	100	30049	100	30050	100
chest	30051	100
bone	30065	100	30066	100	30067	100
fireball	30079	100
[ANIMATION_SETS]
5	dagger
6	boomerang
7	axe
8	holywater_thow	holywater_break
9	stopwatch
10	bone
11	fireball
12	stopwatch	smallheart	bigheart	moneybag1	moneybag2	moneybag3	chain	dagger	cross	axe_item	invispotion	boomerang_item	holywater_item	chicken	doubleshot	tripleshot	magiccrystal	crown	chest	specialmoneybag
